  0.000000e+00     1.000000e+00   
  6.598395e-04     9.677247e-01   
  1.319679e-03     9.404283e-01   
  1.979519e-03     9.170540e-01   
  2.639358e-03     8.969614e-01   
  3.299198e-03     8.797068e-01   
  3.959037e-03     8.646621e-01   
  4.618877e-03     8.514287e-01   
  5.278716e-03     8.396580e-01   
  5.938556e-03     8.291829e-01   
  6.598395e-03     8.197903e-01   
  7.258235e-03     8.113236e-01   
  7.918074e-03     8.037029e-01   
  8.577914e-03     7.968129e-01   
  9.237753e-03     7.905484e-01   
  9.897593e-03     7.848642e-01   
  1.055743e-02     7.795002e-01   
  1.121727e-02     7.745567e-01   
  1.187711e-02     7.699307e-01   
  1.253695e-02     7.657897e-01   
  1.319679e-02     7.619195e-01   
  1.385663e-02     7.582198e-01   
  1.451647e-02     7.547370e-01   
  1.517631e-02     7.516280e-01   
  1.583615e-02     7.486656e-01   
  1.649599e-02     7.458914e-01   
  1.715583e-02     7.432087e-01   
  1.781567e-02     7.406146e-01   
  1.847551e-02     7.380524e-01   
  1.913535e-02     7.356324e-01   
  1.979519e-02     7.333293e-01   
  2.045503e-02     7.311076e-01   
  2.111486e-02     7.289503e-01   
  2.177470e-02     7.267887e-01   
  2.243454e-02     7.246385e-01   
  2.309438e-02     7.223642e-01   
  2.375422e-02     7.202188e-01   
  2.441406e-02     7.182531e-01   
  2.507390e-02     7.165195e-01   
  2.573374e-02     7.148289e-01   
  2.639358e-02     7.132071e-01   
  2.705342e-02     7.117602e-01   
  2.771326e-02     7.102326e-01   
  2.837310e-02     7.088643e-01   
  2.903294e-02     7.074671e-01   
  2.969278e-02     7.061171e-01   
  3.035262e-02     7.046672e-01   
  3.101246e-02     7.030887e-01   
  3.167230e-02     7.015455e-01   
  3.233214e-02     7.001329e-01   
  3.299198e-02     6.986795e-01   
  3.365182e-02     6.971331e-01   
  3.431166e-02     6.956267e-01   
  3.497149e-02     6.940889e-01   
  3.563133e-02     6.926134e-01   
  3.629117e-02     6.912880e-01   
  3.695101e-02     6.900788e-01   
  3.761085e-02     6.888442e-01   
  3.827069e-02     6.876607e-01   
  3.893053e-02     6.864457e-01   
  3.959037e-02     6.853821e-01   
  4.025021e-02     6.843901e-01   
  4.091005e-02     6.834776e-01   
  4.156989e-02     6.824893e-01   
  4.222973e-02     6.815560e-01   
  4.288957e-02     6.806045e-01   
  4.354941e-02     6.797051e-01   
  4.420925e-02     6.788821e-01   
  4.486909e-02     6.780042e-01   
  4.552893e-02     6.771050e-01   
  4.618877e-02     6.763735e-01   
  4.684861e-02     6.756672e-01   
  4.750845e-02     6.750465e-01   
  4.816829e-02     6.745309e-01   
  4.882812e-02     6.740786e-01   
  4.948796e-02     6.736873e-01   
  5.014780e-02     6.732713e-01   
  5.080764e-02     6.727486e-01   
  5.146748e-02     6.721913e-01   
  5.212732e-02     6.715931e-01   
  5.278716e-02     6.709485e-01   
  5.344700e-02     6.702302e-01   
  5.410684e-02     6.695227e-01   
  5.476668e-02     6.687821e-01   
  5.542652e-02     6.681493e-01   
  5.608636e-02     6.675592e-01   
  5.674620e-02     6.670232e-01   
  5.740604e-02     6.664606e-01   
  5.806588e-02     6.659012e-01   
  5.872572e-02     6.654129e-01   
  5.938556e-02     6.647987e-01   
  6.004540e-02     6.640578e-01   
  6.070524e-02     6.633175e-01   
  6.136508e-02     6.625794e-01   
  6.202492e-02     6.618729e-01   
  6.268476e-02     6.611256e-01   
  6.334459e-02     6.604044e-01   
  6.400443e-02     6.597074e-01   
  6.466427e-02     6.589566e-01   
  6.532411e-02     6.582671e-01   
  6.598395e-02     6.575999e-01   
  6.664379e-02     6.570630e-01   
  6.730363e-02     6.565341e-01   
  6.796347e-02     6.559691e-01   
  6.862331e-02     6.555123e-01   
  6.928315e-02     6.550942e-01   
  6.994299e-02     6.547461e-01   
  7.060283e-02     6.544560e-01   
  7.126267e-02     6.541750e-01   
  7.192251e-02     6.538861e-01   
  7.258235e-02     6.535846e-01   
  7.324219e-02     6.531965e-01   
  7.390203e-02     6.526946e-01   
  7.456187e-02     6.521418e-01   
  7.522171e-02     6.515835e-01   
  7.588155e-02     6.508712e-01   
  7.654139e-02     6.501350e-01   
  7.720122e-02     6.493735e-01   
  7.786106e-02     6.486065e-01   
  7.852090e-02     6.478221e-01   
  7.918074e-02     6.470300e-01   
  7.984058e-02     6.462486e-01   
  8.050042e-02     6.454377e-01   
  8.116026e-02     6.445504e-01   
  8.182010e-02     6.435600e-01   
  8.247994e-02     6.424837e-01   
  8.313978e-02     6.414450e-01   
  8.379962e-02     6.405398e-01   
  8.445946e-02     6.396375e-01   
  8.511930e-02     6.387250e-01   
  8.577914e-02     6.378369e-01   
  8.643898e-02     6.369024e-01   
  8.709882e-02     6.361263e-01   
  8.775866e-02     6.355190e-01   
  8.841850e-02     6.349252e-01   
  8.907834e-02     6.344074e-01   
  8.973818e-02     6.338841e-01   
  9.039802e-02     6.333140e-01   
  9.105785e-02     6.327504e-01   
  9.171769e-02     6.321338e-01   
  9.237753e-02     6.314293e-01   
  9.303737e-02     6.307173e-01   
  9.369721e-02     6.301056e-01   
  9.435705e-02     6.294709e-01   
  9.501689e-02     6.289362e-01   
  9.567673e-02     6.283668e-01   
  9.633657e-02     6.278112e-01   
  9.699641e-02     6.273604e-01   
  9.765625e-02     6.268389e-01   
  9.831609e-02     6.264015e-01   
  9.897593e-02     6.260137e-01   
  9.963577e-02     6.255337e-01   
  1.002956e-01     6.249676e-01   
  1.009554e-01     6.243231e-01   
  1.016153e-01     6.236931e-01   
  1.022751e-01     6.230549e-01   
  1.029350e-01     6.224260e-01   
  1.035948e-01     6.218206e-01   
  1.042546e-01     6.213322e-01   
  1.049145e-01     6.207504e-01   
  1.055743e-01     6.202478e-01   
  1.062342e-01     6.197447e-01   
  1.068940e-01     6.192535e-01   
  1.075538e-01     6.188594e-01   
  1.082137e-01     6.185423e-01   
  1.088735e-01     6.182240e-01   
  1.095334e-01     6.179480e-01   
  1.101932e-01     6.177010e-01   
  1.108530e-01     6.174181e-01   
  1.115129e-01     6.170448e-01   
  1.121727e-01     6.166240e-01   
  1.128326e-01     6.161893e-01   
  1.134924e-01     6.157698e-01   
  1.141522e-01     6.154030e-01   
  1.148121e-01     6.150487e-01   
  1.154719e-01     6.147506e-01   
  1.161318e-01     6.146036e-01   
  1.167916e-01     6.143794e-01   
  1.174514e-01     6.141820e-01   
  1.181113e-01     6.140172e-01   
  1.187711e-01     6.138241e-01   
  1.194310e-01     6.135515e-01   
  1.200908e-01     6.132785e-01   
  1.207506e-01     6.130265e-01   
  1.214105e-01     6.128119e-01   
  1.220703e-01     6.125345e-01   
  1.227302e-01     6.121946e-01   
  1.233900e-01     6.118254e-01   
  1.240498e-01     6.114306e-01   
  1.247097e-01     6.109815e-01   
  1.253695e-01     6.104501e-01   
  1.260293e-01     6.099765e-01   
  1.266892e-01     6.095659e-01   
  1.273490e-01     6.091899e-01   
  1.280089e-01     6.086600e-01   
  1.286687e-01     6.082214e-01   
  1.293285e-01     6.078033e-01   
  1.299884e-01     6.074436e-01   
  1.306482e-01     6.070139e-01   
  1.313081e-01     6.065305e-01   
  1.319679e-01     6.060707e-01   
  1.326277e-01     6.055309e-01   
  1.332876e-01     6.049192e-01   
  1.339474e-01     6.042808e-01   
  1.346073e-01     6.035702e-01   
  1.352671e-01     6.029007e-01   
  1.359269e-01     6.022428e-01   
  1.365868e-01     6.016394e-01   
  1.372466e-01     6.010903e-01   
  1.379065e-01     6.005959e-01   
  1.385663e-01     6.001476e-01   
  1.392261e-01     5.997087e-01   
  1.398860e-01     5.991080e-01   
  1.405458e-01     5.985450e-01   
  1.412057e-01     5.980143e-01   
  1.418655e-01     5.975082e-01   
  1.425253e-01     5.970118e-01   
  1.431852e-01     5.965817e-01   
  1.438450e-01     5.963095e-01   
  1.445049e-01     5.960927e-01   
  1.451647e-01     5.958892e-01   
  1.458245e-01     5.957083e-01   
  1.464844e-01     5.955874e-01   
  1.471442e-01     5.954597e-01   
  1.478041e-01     5.953693e-01   
  1.484639e-01     5.952040e-01   
  1.491237e-01     5.948954e-01   
  1.497836e-01     5.946191e-01   
  1.504434e-01     5.942433e-01   
  1.511033e-01     5.938423e-01   
  1.517631e-01     5.934400e-01   
  1.524229e-01     5.931036e-01   
  1.530828e-01     5.927550e-01   
  1.537426e-01     5.924552e-01   
  1.544024e-01     5.922523e-01   
  1.550623e-01     5.920538e-01   
  1.557221e-01     5.919658e-01   
  1.563820e-01     5.918832e-01   
  1.570418e-01     5.919526e-01   
  1.577016e-01     5.919982e-01   
  1.583615e-01     5.919845e-01   
  1.590213e-01     5.919462e-01   
  1.596812e-01     5.919407e-01   
  1.603410e-01     5.918040e-01   
  1.610008e-01     5.917606e-01   
  1.616607e-01     5.916396e-01   
  1.623205e-01     5.913768e-01   
  1.629804e-01     5.910601e-01   
  1.636402e-01     5.907858e-01   
  1.643000e-01     5.905726e-01   
  1.649599e-01     5.903104e-01   
  1.656197e-01     5.902207e-01   
  1.662796e-01     5.902263e-01   
  1.669394e-01     5.901870e-01   
  1.675992e-01     5.900733e-01   
  1.682591e-01     5.900188e-01   
  1.689189e-01     5.899193e-01   
  1.695788e-01     5.898389e-01   
  1.702386e-01     5.898262e-01   
  1.708984e-01     5.898785e-01   
  1.715583e-01     5.898272e-01   
  1.722181e-01     5.897915e-01   
  1.728780e-01     5.896460e-01   
  1.735378e-01     5.894860e-01   
  1.741976e-01     5.894389e-01   
  1.748575e-01     5.893956e-01   
  1.755173e-01     5.894506e-01   
  1.761772e-01     5.895060e-01   
  1.768370e-01     5.895207e-01   
  1.774968e-01     5.894578e-01   
  1.781567e-01     5.893813e-01   
  1.788165e-01     5.894018e-01   
  1.794764e-01     5.894392e-01   
  1.801362e-01     5.895283e-01   
  1.807960e-01     5.896405e-01   
  1.814559e-01     5.897539e-01   
  1.821157e-01     5.898505e-01   
  1.827755e-01     5.899352e-01   
  1.834354e-01     5.900275e-01   
  1.840952e-01     5.901599e-01   
  1.847551e-01     5.903597e-01   
  1.854149e-01     5.905416e-01   
  1.860747e-01     5.907494e-01   
  1.867346e-01     5.909241e-01   
  1.873944e-01     5.910676e-01   
  1.880543e-01     5.912499e-01   
  1.887141e-01     5.913488e-01   
  1.893739e-01     5.913863e-01   
  1.900338e-01     5.913573e-01   
  1.906936e-01     5.912779e-01   
  1.913535e-01     5.912461e-01   
  1.920133e-01     5.911489e-01   
  1.926731e-01     5.909645e-01   
  1.933330e-01     5.907014e-01   
  1.939928e-01     5.904878e-01   
  1.946527e-01     5.903009e-01   
  1.953125e-01     5.900651e-01   
  1.959723e-01     5.898337e-01   
  1.966322e-01     5.896526e-01   
  1.972920e-01     5.894158e-01   
  1.979519e-01     5.891776e-01   
  1.986117e-01     5.889655e-01   
  1.992715e-01     5.888572e-01   
  1.999314e-01     5.887788e-01   
  2.005912e-01     5.886164e-01   
  2.012511e-01     5.884581e-01   
  2.019109e-01     5.882816e-01   
  2.025707e-01     5.881834e-01   
  2.032306e-01     5.881741e-01   
  2.038904e-01     5.881329e-01   
  2.045503e-01     5.881715e-01   
  2.052101e-01     5.883183e-01   
  2.058699e-01     5.884731e-01   
  2.065298e-01     5.885745e-01   
  2.071896e-01     5.887350e-01   
  2.078495e-01     5.888110e-01   
  2.085093e-01     5.889083e-01   
  2.091691e-01     5.890201e-01   
  2.098290e-01     5.891325e-01   
  2.104888e-01     5.892805e-01   
  2.111486e-01     5.894552e-01   
  2.118085e-01     5.895740e-01   
  2.124683e-01     5.896338e-01   
  2.131282e-01     5.897681e-01   
  2.137880e-01     5.898955e-01   
  2.144478e-01     5.900799e-01   
  2.151077e-01     5.903150e-01   
  2.157675e-01     5.904813e-01   
  2.164274e-01     5.906828e-01   
  2.170872e-01     5.907588e-01   
  2.177470e-01     5.907225e-01   
  2.184069e-01     5.907269e-01   
  2.190667e-01     5.907788e-01   
  2.197266e-01     5.908667e-01   
  2.203864e-01     5.911185e-01   
  2.210462e-01     5.913553e-01   
  2.217061e-01     5.915864e-01   
  2.223659e-01     5.918159e-01   
  2.230258e-01     5.919312e-01   
  2.236856e-01     5.920791e-01   
  2.243454e-01     5.921848e-01   
  2.250053e-01     5.923779e-01   
  2.256651e-01     5.925531e-01   
  2.263250e-01     5.927464e-01   
  2.269848e-01     5.929601e-01   
  2.276446e-01     5.931031e-01   
  2.283045e-01     5.931410e-01   
  2.289643e-01     5.931767e-01   
  2.296242e-01     5.930989e-01   
  2.302840e-01     5.929856e-01   
  2.309438e-01     5.929256e-01   
  2.316037e-01     5.928672e-01   
  2.322635e-01     5.926781e-01   
  2.329234e-01     5.925325e-01   
  2.335832e-01     5.924707e-01   
  2.342430e-01     5.922766e-01   
  2.349029e-01     5.921564e-01   
  2.355627e-01     5.919945e-01   
  2.362226e-01     5.918054e-01   
  2.368824e-01     5.916707e-01   
  2.375422e-01     5.915758e-01   
  2.382021e-01     5.915054e-01   
  2.388619e-01     5.913939e-01   
  2.395217e-01     5.912793e-01   
  2.401816e-01     5.911090e-01   
  2.408414e-01     5.910346e-01   
  2.415013e-01     5.911128e-01   
  2.421611e-01     5.913676e-01   
  2.428209e-01     5.917018e-01   
  2.434808e-01     5.920504e-01   
  2.441406e-01     5.925485e-01   
  2.448005e-01     5.930200e-01   
  2.454603e-01     5.934378e-01   
  2.461201e-01     5.937573e-01   
  2.467800e-01     5.940673e-01   
  2.474398e-01     5.944607e-01   
  2.480997e-01     5.948843e-01   
  2.487595e-01     5.952754e-01   
  2.494193e-01     5.956641e-01   
  2.500792e-01     5.960617e-01   
  2.507390e-01     5.965366e-01   
  2.513989e-01     5.970654e-01   
  2.520587e-01     5.976374e-01   
  2.527185e-01     5.981082e-01   
  2.533784e-01     5.985259e-01   
  2.540382e-01     5.989103e-01   
  2.546981e-01     5.993041e-01   
  2.553579e-01     5.996882e-01   
  2.560177e-01     6.001882e-01   
  2.566776e-01     6.007023e-01   
  2.573374e-01     6.011393e-01   
  2.579973e-01     6.015412e-01   
  2.586571e-01     6.019060e-01   
  2.593169e-01     6.021397e-01   
  2.599768e-01     6.023466e-01   
  2.606366e-01     6.026436e-01   
  2.612965e-01     6.029518e-01   
  2.619563e-01     6.033097e-01   
  2.626161e-01     6.038932e-01   
  2.632760e-01     6.044455e-01   
  2.639358e-01     6.049610e-01   
  2.645957e-01     6.053550e-01   
  2.652555e-01     6.057330e-01   
  2.659153e-01     6.060502e-01   
  2.665752e-01     6.064384e-01   
  2.672350e-01     6.066555e-01   
  2.678948e-01     6.068947e-01   
  2.685547e-01     6.071655e-01   
  2.692145e-01     6.074760e-01   
  2.698744e-01     6.078180e-01   
  2.705342e-01     6.082141e-01   
  2.711940e-01     6.086527e-01   
  2.718539e-01     6.092126e-01   
  2.725137e-01     6.096164e-01   
  2.731736e-01     6.099053e-01   
  2.738334e-01     6.102564e-01   
  2.744932e-01     6.105947e-01   
  2.751531e-01     6.110093e-01   
  2.758129e-01     6.114460e-01   
  2.764728e-01     6.119497e-01   
  2.771326e-01     6.124548e-01   
  2.777924e-01     6.130526e-01   
  2.784523e-01     6.137042e-01   
  2.791121e-01     6.143228e-01   
  2.797720e-01     6.149391e-01   
  2.804318e-01     6.156129e-01   
  2.810916e-01     6.163008e-01   
  2.817515e-01     6.168748e-01   
  2.824113e-01     6.174318e-01   
  2.830712e-01     6.180712e-01   
  2.837310e-01     6.187564e-01   
  2.843908e-01     6.194103e-01   
  2.850507e-01     6.199916e-01   
  2.857105e-01     6.205486e-01   
  2.863704e-01     6.210685e-01   
  2.870302e-01     6.215418e-01   
  2.876900e-01     6.219828e-01   
  2.883499e-01     6.223959e-01   
  2.890097e-01     6.227630e-01   
  2.896696e-01     6.232163e-01   
  2.903294e-01     6.236419e-01   
  2.909892e-01     6.241204e-01   
  2.916491e-01     6.246069e-01   
  2.923089e-01     6.251697e-01   
  2.929688e-01     6.257000e-01   
  2.936286e-01     6.262228e-01   
  2.942884e-01     6.266311e-01   
  2.949483e-01     6.270943e-01   
  2.956081e-01     6.275991e-01   
  2.962679e-01     6.281041e-01   
  2.969278e-01     6.285944e-01   
  2.975876e-01     6.290703e-01   
  2.982475e-01     6.294838e-01   
  2.989073e-01     6.299337e-01   
  2.995671e-01     6.304602e-01   
  3.002270e-01     6.309282e-01   
  3.008868e-01     6.315169e-01   
  3.015467e-01     6.321736e-01   
  3.022065e-01     6.327567e-01   
  3.028663e-01     6.333495e-01   
  3.035262e-01     6.337838e-01   
  3.041860e-01     6.342080e-01   
  3.048459e-01     6.345254e-01   
  3.055057e-01     6.348003e-01   
  3.061655e-01     6.350062e-01   
  3.068254e-01     6.352398e-01   
  3.074852e-01     6.355785e-01   
  3.081451e-01     6.359259e-01   
  3.088049e-01     6.361959e-01   
  3.094647e-01     6.364761e-01   
  3.101246e-01     6.368154e-01   
  3.107844e-01     6.371733e-01   
  3.114443e-01     6.375289e-01   
  3.121041e-01     6.378924e-01   
  3.127639e-01     6.382395e-01   
  3.134238e-01     6.386079e-01   
  3.140836e-01     6.390124e-01   
  3.147435e-01     6.394509e-01   
  3.154033e-01     6.398551e-01   
  3.160631e-01     6.402028e-01   
  3.167230e-01     6.405568e-01   
  3.173828e-01     6.409303e-01   
  3.180427e-01     6.413159e-01   
  3.187025e-01     6.418012e-01   
  3.193623e-01     6.423079e-01   
  3.200222e-01     6.427042e-01   
  3.206820e-01     6.431395e-01   
  3.213418e-01     6.436044e-01   
  3.220017e-01     6.440196e-01   
  3.226615e-01     6.445015e-01   
  3.233214e-01     6.450030e-01   
  3.239812e-01     6.454590e-01   
  3.246410e-01     6.458766e-01   
  3.253009e-01     6.462545e-01   
  3.259607e-01     6.465976e-01   
  3.266206e-01     6.468343e-01   
  3.272804e-01     6.471252e-01   
  3.279402e-01     6.473881e-01   
  3.286001e-01     6.474573e-01   
  3.292599e-01     6.474745e-01   
  3.299198e-01     6.474173e-01   
  3.305796e-01     6.472495e-01   
  3.312394e-01     6.469427e-01   
  3.318993e-01     6.465830e-01   
  3.325591e-01     6.463272e-01   
  3.332190e-01     6.461379e-01   
  3.338788e-01     6.459968e-01   
  3.345386e-01     6.459894e-01   
  3.351985e-01     6.458619e-01   
  3.358583e-01     6.458179e-01   
  3.365182e-01     6.456581e-01   
  3.371780e-01     6.454117e-01   
  3.378378e-01     6.450778e-01   
  3.384977e-01     6.446914e-01   
  3.391575e-01     6.441924e-01   
  3.398174e-01     6.436523e-01   
  3.404772e-01     6.430638e-01   
  3.411370e-01     6.424512e-01   
  3.417969e-01     6.419984e-01   
  3.424567e-01     6.415847e-01   
  3.431166e-01     6.412885e-01   
  3.437764e-01     6.410707e-01   
  3.444362e-01     6.408359e-01   
  3.450961e-01     6.407342e-01   
  3.457559e-01     6.407478e-01   
  3.464158e-01     6.408636e-01   
  3.470756e-01     6.410676e-01   
  3.477354e-01     6.412885e-01   
  3.483953e-01     6.414991e-01   
  3.490551e-01     6.416943e-01   
  3.497149e-01     6.418572e-01   
  3.503748e-01     6.420158e-01   
  3.510346e-01     6.421588e-01   
  3.516945e-01     6.423436e-01   
  3.523543e-01     6.425402e-01   
  3.530141e-01     6.427857e-01   
  3.536740e-01     6.430104e-01   
  3.543338e-01     6.431517e-01   
  3.549937e-01     6.433118e-01   
  3.556535e-01     6.434929e-01   
  3.563133e-01     6.437356e-01   
  3.569732e-01     6.439455e-01   
  3.576330e-01     6.440549e-01   
  3.582929e-01     6.441162e-01   
  3.589527e-01     6.441551e-01   
  3.596125e-01     6.440925e-01   
  3.602724e-01     6.438972e-01   
  3.609322e-01     6.435996e-01   
  3.615921e-01     6.433154e-01   
  3.622519e-01     6.431175e-01   
  3.629117e-01     6.429251e-01   
  3.635716e-01     6.429222e-01   
  3.642314e-01     6.430637e-01   
  3.648913e-01     6.433125e-01   
  3.655511e-01     6.436783e-01   
  3.662109e-01     6.441456e-01   
  3.668708e-01     6.447169e-01   
  3.675306e-01     6.453082e-01   
  3.681905e-01     6.458523e-01   
  3.688503e-01     6.464952e-01   
  3.695101e-01     6.471092e-01   
  3.701700e-01     6.476561e-01   
  3.708298e-01     6.481294e-01   
  3.714897e-01     6.485637e-01   
  3.721495e-01     6.489395e-01   
  3.728093e-01     6.494283e-01   
  3.734692e-01     6.499997e-01   
  3.741290e-01     6.505660e-01   
  3.747889e-01     6.510632e-01   
  3.754487e-01     6.515533e-01   
  3.761085e-01     6.518902e-01   
  3.767684e-01     6.521875e-01   
  3.774282e-01     6.524615e-01   
  3.780880e-01     6.527269e-01   
  3.787479e-01     6.529694e-01   
  3.794077e-01     6.531669e-01   
  3.800676e-01     6.534223e-01   
  3.807274e-01     6.536390e-01   
  3.813872e-01     6.539297e-01   
  3.820471e-01     6.542777e-01   
  3.827069e-01     6.546835e-01   
  3.833668e-01     6.551278e-01   
  3.840266e-01     6.555604e-01   
  3.846864e-01     6.559070e-01   
  3.853463e-01     6.562350e-01   
  3.860061e-01     6.564702e-01   
  3.866660e-01     6.566972e-01   
  3.873258e-01     6.568069e-01   
  3.879856e-01     6.567824e-01   
  3.886455e-01     6.567483e-01   
  3.893053e-01     6.566326e-01   
  3.899652e-01     6.564444e-01   
  3.906250e-01     6.562354e-01   
  3.912848e-01     6.560616e-01   
  3.919447e-01     6.558787e-01   
  3.926045e-01     6.555409e-01   
  3.932644e-01     6.551797e-01   
  3.939242e-01     6.548808e-01   
  3.945840e-01     6.546004e-01   
  3.952439e-01     6.543795e-01   
  3.959037e-01     6.540861e-01   
  3.965636e-01     6.536948e-01   
  3.972234e-01     6.533886e-01   
  3.978832e-01     6.531425e-01   
  3.985431e-01     6.529288e-01   
  3.992029e-01     6.527824e-01   
  3.998628e-01     6.526118e-01   
  4.005226e-01     6.524707e-01   
  4.011824e-01     6.523013e-01   
  4.018423e-01     6.520516e-01   
  4.025021e-01     6.517703e-01   
  4.031620e-01     6.514679e-01   
  4.038218e-01     6.510099e-01   
  4.044816e-01     6.504951e-01   
  4.051415e-01     6.499247e-01   
  4.058013e-01     6.493644e-01   
  4.064611e-01     6.487307e-01   
  4.071210e-01     6.480571e-01   
  4.077808e-01     6.473894e-01   
  4.084407e-01     6.467500e-01   
  4.091005e-01     6.460154e-01   
  4.097603e-01     6.452910e-01   
  4.104202e-01     6.446421e-01   
  4.110800e-01     6.440318e-01   
  4.117399e-01     6.433758e-01   
  4.123997e-01     6.427855e-01   
  4.130595e-01     6.423925e-01   
  4.137194e-01     6.419452e-01   
  4.143792e-01     6.414607e-01   
  4.150391e-01     6.409471e-01   
  4.156989e-01     6.404309e-01   
  4.163587e-01     6.399472e-01   
  4.170186e-01     6.395611e-01   
  4.176784e-01     6.392210e-01   
  4.183383e-01     6.388063e-01   
  4.189981e-01     6.383799e-01   
  4.196579e-01     6.378830e-01   
  4.203178e-01     6.375044e-01   
  4.209776e-01     6.371508e-01   
  4.216375e-01     6.366342e-01   
  4.222973e-01     6.360355e-01   
  4.229571e-01     6.355042e-01   
  4.236170e-01     6.350264e-01   
  4.242768e-01     6.345698e-01   
  4.249367e-01     6.342151e-01   
  4.255965e-01     6.338654e-01   
  4.262563e-01     6.335836e-01   
  4.269162e-01     6.332331e-01   
  4.275760e-01     6.329884e-01   
  4.282359e-01     6.328306e-01   
  4.288957e-01     6.325728e-01   
  4.295555e-01     6.323725e-01   
  4.302154e-01     6.321462e-01   
  4.308752e-01     6.318866e-01   
  4.315351e-01     6.316109e-01   
  4.321949e-01     6.312044e-01   
  4.328547e-01     6.307856e-01   
  4.335146e-01     6.304514e-01   
  4.341744e-01     6.302312e-01   
  4.348342e-01     6.299358e-01   
  4.354941e-01     6.297413e-01   
  4.361539e-01     6.294459e-01   
  4.368138e-01     6.291655e-01   
  4.374736e-01     6.289837e-01   
  4.381334e-01     6.287998e-01   
  4.387933e-01     6.285384e-01   
  4.394531e-01     6.282565e-01   
  4.401130e-01     6.281051e-01   
  4.407728e-01     6.279019e-01   
  4.414326e-01     6.278252e-01   
  4.420925e-01     6.277145e-01   
  4.427523e-01     6.276696e-01   
  4.434122e-01     6.276945e-01   
  4.440720e-01     6.278397e-01   
  4.447318e-01     6.281369e-01   
  4.453917e-01     6.284853e-01   
  4.460515e-01     6.288531e-01   
  4.467114e-01     6.291008e-01   
  4.473712e-01     6.292463e-01   
  4.480310e-01     6.292163e-01   
  4.486909e-01     6.290245e-01   
  4.493507e-01     6.288358e-01   
  4.500106e-01     6.286658e-01   
  4.506704e-01     6.285211e-01   
  4.513302e-01     6.282933e-01   
  4.519901e-01     6.281005e-01   
  4.526499e-01     6.277794e-01   
  4.533098e-01     6.274921e-01   
  4.539696e-01     6.271058e-01   
  4.546294e-01     6.265938e-01   
  4.552893e-01     6.261077e-01   
  4.559491e-01     6.256176e-01   
  4.566090e-01     6.251346e-01   
  4.572688e-01     6.246878e-01   
  4.579286e-01     6.242669e-01   
  4.585885e-01     6.238275e-01   
  4.592483e-01     6.233756e-01   
  4.599082e-01     6.228996e-01   
  4.605680e-01     6.225554e-01   
  4.612278e-01     6.222148e-01   
  4.618877e-01     6.219595e-01   
  4.625475e-01     6.217849e-01   
  4.632073e-01     6.217275e-01   
  4.638672e-01     6.218079e-01   
  4.645270e-01     6.219731e-01   
  4.651869e-01     6.221637e-01   
  4.658467e-01     6.223913e-01   
  4.665065e-01     6.226560e-01   
  4.671664e-01     6.228525e-01   
  4.678262e-01     6.229174e-01   
  4.684861e-01     6.229748e-01   
  4.691459e-01     6.228467e-01   
  4.698057e-01     6.226199e-01   
  4.704656e-01     6.223288e-01   
  4.711254e-01     6.219777e-01   
  4.717853e-01     6.216718e-01   
  4.724451e-01     6.213765e-01   
  4.731049e-01     6.210586e-01   
  4.737648e-01     6.207890e-01   
  4.744246e-01     6.204553e-01   
  4.750845e-01     6.201335e-01   
  4.757443e-01     6.198815e-01   
  4.764041e-01     6.196502e-01   
  4.770640e-01     6.194324e-01   
  4.777238e-01     6.191323e-01   
  4.783837e-01     6.188863e-01   
  4.790435e-01     6.186067e-01   
  4.797033e-01     6.183577e-01   
  4.803632e-01     6.181026e-01   
  4.810230e-01     6.179662e-01   
  4.816829e-01     6.178214e-01   
  4.823427e-01     6.178156e-01   
  4.830025e-01     6.178632e-01   
  4.836624e-01     6.180183e-01   
  4.843222e-01     6.182420e-01   
  4.849821e-01     6.185695e-01   
  4.856419e-01     6.188940e-01   
  4.863017e-01     6.191922e-01   
  4.869616e-01     6.195492e-01   
  4.876214e-01     6.198198e-01   
  4.882812e-01     6.200798e-01   
  4.889411e-01     6.203156e-01   
  4.896009e-01     6.205251e-01   
  4.902608e-01     6.208057e-01   
  4.909206e-01     6.210299e-01   
  4.915804e-01     6.211877e-01   
  4.922403e-01     6.213901e-01   
  4.929001e-01     6.214688e-01   
  4.935600e-01     6.214977e-01   
  4.942198e-01     6.214658e-01   
  4.948796e-01     6.214087e-01   
  4.955395e-01     6.213671e-01   
  4.961993e-01     6.214223e-01   
  4.968592e-01     6.214966e-01   
  4.975190e-01     6.215505e-01   
  4.981788e-01     6.216376e-01   
  4.988387e-01     6.216915e-01   
  4.994985e-01     6.216727e-01   
  5.001584e-01     6.215507e-01   
  5.008182e-01     6.214050e-01   
  5.014780e-01     6.213260e-01   
  5.021379e-01     6.211887e-01   
  5.027977e-01     6.209495e-01   
  5.034576e-01     6.206270e-01   
  5.041174e-01     6.203048e-01   
  5.047772e-01     6.199199e-01   
  5.054371e-01     6.196004e-01   
  5.060969e-01     6.193168e-01   
  5.067568e-01     6.191536e-01   
  5.074166e-01     6.190983e-01   
  5.080764e-01     6.190476e-01   
  5.087363e-01     6.189714e-01   
  5.093961e-01     6.189139e-01   
  5.100560e-01     6.189103e-01   
  5.107158e-01     6.188687e-01   
  5.113756e-01     6.189856e-01   
  5.120355e-01     6.192349e-01   
  5.126953e-01     6.194811e-01   
  5.133552e-01     6.195989e-01   
  5.140150e-01     6.197076e-01   
  5.146748e-01     6.196955e-01   
  5.153347e-01     6.196296e-01   
  5.159945e-01     6.195391e-01   
  5.166543e-01     6.195358e-01   
  5.173142e-01     6.194952e-01   
  5.179740e-01     6.195490e-01   
  5.186339e-01     6.195799e-01   
  5.192937e-01     6.196471e-01   
  5.199535e-01     6.197912e-01   
  5.206134e-01     6.199174e-01   
  5.212732e-01     6.199657e-01   
  5.219331e-01     6.200626e-01   
  5.225929e-01     6.201051e-01   
  5.232527e-01     6.201758e-01   
  5.239126e-01     6.203177e-01   
  5.245724e-01     6.204231e-01   
  5.252323e-01     6.204279e-01   
  5.258921e-01     6.204871e-01   
  5.265519e-01     6.204506e-01   
  5.272118e-01     6.204937e-01   
  5.278716e-01     6.205182e-01   
  5.285315e-01     6.205918e-01   
  5.291913e-01     6.206538e-01   
  5.298511e-01     6.205868e-01   
  5.305110e-01     6.204118e-01   
  5.311708e-01     6.201706e-01   
  5.318307e-01     6.198991e-01   
  5.324905e-01     6.195871e-01   
  5.331503e-01     6.192963e-01   
  5.338102e-01     6.189129e-01   
  5.344700e-01     6.185798e-01   
  5.351299e-01     6.182663e-01   
  5.357897e-01     6.179737e-01   
  5.364495e-01     6.178351e-01   
  5.371094e-01     6.178717e-01   
  5.377692e-01     6.179532e-01   
  5.384291e-01     6.181224e-01   
  5.390889e-01     6.183189e-01   
  5.397487e-01     6.185548e-01   
  5.404086e-01     6.187766e-01   
  5.410684e-01     6.189720e-01   
  5.417283e-01     6.191165e-01   
  5.423881e-01     6.191703e-01   
  5.430479e-01     6.191612e-01   
  5.437078e-01     6.191533e-01   
  5.443676e-01     6.190639e-01   
  5.450274e-01     6.190016e-01   
  5.456873e-01     6.188911e-01   
  5.463471e-01     6.188940e-01   
  5.470070e-01     6.188680e-01   
  5.476668e-01     6.188199e-01   
  5.483266e-01     6.187321e-01   
  5.489865e-01     6.186331e-01   
  5.496463e-01     6.185313e-01   
  5.503062e-01     6.184368e-01   
  5.509660e-01     6.184354e-01   
  5.516258e-01     6.183271e-01   
  5.522857e-01     6.182090e-01   
  5.529455e-01     6.180583e-01   
  5.536054e-01     6.179337e-01   
  5.542652e-01     6.177380e-01   
  5.549250e-01     6.175491e-01   
  5.555849e-01     6.173970e-01   
  5.562447e-01     6.172151e-01   
  5.569046e-01     6.170201e-01   
  5.575644e-01     6.169132e-01   
  5.582242e-01     6.168578e-01   
  5.588841e-01     6.168118e-01   
  5.595439e-01     6.167263e-01   
  5.602038e-01     6.168084e-01   
  5.608636e-01     6.169378e-01   
  5.615234e-01     6.169982e-01   
  5.621833e-01     6.168881e-01   
  5.628431e-01     6.166764e-01   
  5.635030e-01     6.164149e-01   
  5.641628e-01     6.160856e-01   
  5.648226e-01     6.157009e-01   
  5.654825e-01     6.153629e-01   
  5.661423e-01     6.150350e-01   
  5.668022e-01     6.146117e-01   
  5.674620e-01     6.142105e-01   
  5.681218e-01     6.138978e-01   
  5.687817e-01     6.135890e-01   
  5.694415e-01     6.133067e-01   
  5.701014e-01     6.132279e-01   
  5.707612e-01     6.131431e-01   
  5.714210e-01     6.129659e-01   
  5.720809e-01     6.128920e-01   
  5.727407e-01     6.128621e-01   
  5.734005e-01     6.128685e-01   
  5.740604e-01     6.128642e-01   
  5.747202e-01     6.128883e-01   
  5.753801e-01     6.129040e-01   
  5.760399e-01     6.128202e-01   
  5.766997e-01     6.127767e-01   
  5.773596e-01     6.126744e-01   
  5.780194e-01     6.126344e-01   
  5.786793e-01     6.125947e-01   
  5.793391e-01     6.125749e-01   
  5.799989e-01     6.125641e-01   
  5.806588e-01     6.126143e-01   
  5.813186e-01     6.126622e-01   
  5.819785e-01     6.126657e-01   
  5.826383e-01     6.126315e-01   
  5.832981e-01     6.125777e-01   
  5.839580e-01     6.126262e-01   
  5.846178e-01     6.125211e-01   
  5.852777e-01     6.124969e-01   
  5.859375e-01     6.125084e-01   
  5.865973e-01     6.124728e-01   
  5.872572e-01     6.126108e-01   
  5.879170e-01     6.127297e-01   
  5.885769e-01     6.127382e-01   
  5.892367e-01     6.127281e-01   
  5.898965e-01     6.126450e-01   
  5.905564e-01     6.124313e-01   
  5.912162e-01     6.121885e-01   
  5.918761e-01     6.119861e-01   
  5.925359e-01     6.119306e-01   
  5.931957e-01     6.119386e-01   
  5.938556e-01     6.118834e-01   
  5.945154e-01     6.117416e-01   
  5.951753e-01     6.116623e-01   
  5.958351e-01     6.116019e-01   
  5.964949e-01     6.115199e-01   
  5.971548e-01     6.115193e-01   
  5.978146e-01     6.115508e-01   
  5.984745e-01     6.116052e-01   
  5.991343e-01     6.116137e-01   
  5.997941e-01     6.115530e-01   
  6.004540e-01     6.115642e-01   
  6.011138e-01     6.114406e-01   
  6.017736e-01     6.113904e-01   
  6.024335e-01     6.113707e-01   
  6.030933e-01     6.113688e-01   
  6.037532e-01     6.114383e-01   
  6.044130e-01     6.115237e-01   
  6.050728e-01     6.117090e-01   
  6.057327e-01     6.118576e-01   
  6.063925e-01     6.119559e-01   
  6.070524e-01     6.120488e-01   
  6.077122e-01     6.121980e-01   
  6.083720e-01     6.124379e-01   
  6.090319e-01     6.128028e-01   
  6.096917e-01     6.131060e-01   
  6.103516e-01     6.134335e-01   
  6.110114e-01     6.137310e-01   
  6.116712e-01     6.140673e-01   
  6.123311e-01     6.144525e-01   
  6.129909e-01     6.148406e-01   
  6.136508e-01     6.152352e-01   
  6.143106e-01     6.156187e-01   
  6.149704e-01     6.160104e-01   
  6.156303e-01     6.163887e-01   
  6.162901e-01     6.166518e-01   
  6.169500e-01     6.169215e-01   
  6.176098e-01     6.172837e-01   
  6.182696e-01     6.176391e-01   
  6.189295e-01     6.179108e-01   
  6.195893e-01     6.182814e-01   
  6.202492e-01     6.186044e-01   
  6.209090e-01     6.188278e-01   
  6.215688e-01     6.190538e-01   
  6.222287e-01     6.192730e-01   
  6.228885e-01     6.195453e-01   
  6.235484e-01     6.199365e-01   
  6.242082e-01     6.204592e-01   
  6.248680e-01     6.210328e-01   
  6.255279e-01     6.217216e-01   
  6.261877e-01     6.224179e-01   
  6.268476e-01     6.232465e-01   
  6.275074e-01     6.241116e-01   
  6.281672e-01     6.249470e-01   
  6.288271e-01     6.257213e-01   
  6.294869e-01     6.264850e-01   
  6.301467e-01     6.272585e-01   
  6.308066e-01     6.279938e-01   
  6.314664e-01     6.287503e-01   
  6.321263e-01     6.295325e-01   
  6.327861e-01     6.303090e-01   
  6.334459e-01     6.309680e-01   
  6.341058e-01     6.315457e-01   
  6.347656e-01     6.320112e-01   
  6.354255e-01     6.324633e-01   
  6.360853e-01     6.329222e-01   
  6.367451e-01     6.334410e-01   
  6.374050e-01     6.338795e-01   
  6.380648e-01     6.342596e-01   
  6.387247e-01     6.345036e-01   
  6.393845e-01     6.345496e-01   
  6.400443e-01     6.345064e-01   
  6.407042e-01     6.344346e-01   
  6.413640e-01     6.342561e-01   
  6.420239e-01     6.340425e-01   
  6.426837e-01     6.338763e-01   
  6.433435e-01     6.336576e-01   
  6.440034e-01     6.333436e-01   
  6.446632e-01     6.330382e-01   
  6.453231e-01     6.328667e-01   
  6.459829e-01     6.328180e-01   
  6.466427e-01     6.327208e-01   
  6.473026e-01     6.326138e-01   
  6.479624e-01     6.326261e-01   
  6.486223e-01     6.327616e-01   
  6.492821e-01     6.329304e-01   
  6.499419e-01     6.330570e-01   
  6.506018e-01     6.333293e-01   
  6.512616e-01     6.336637e-01   
  6.519215e-01     6.340797e-01   
  6.525813e-01     6.345239e-01   
  6.532411e-01     6.349377e-01   
  6.539010e-01     6.353641e-01   
  6.545608e-01     6.357523e-01   
  6.552207e-01     6.361243e-01   
  6.558805e-01     6.365284e-01   
  6.565403e-01     6.368299e-01   
  6.572002e-01     6.371612e-01   
  6.578600e-01     6.374737e-01   
  6.585198e-01     6.377191e-01   
  6.591797e-01     6.379648e-01   
  6.598395e-01     6.381651e-01   
  6.604994e-01     6.383443e-01   
  6.611592e-01     6.385015e-01   
  6.618190e-01     6.386289e-01   
  6.624789e-01     6.387562e-01   
  6.631387e-01     6.388406e-01   
  6.637986e-01     6.389521e-01   
  6.644584e-01     6.390023e-01   
  6.651182e-01     6.390563e-01   
  6.657781e-01     6.392215e-01   
  6.664379e-01     6.393328e-01   
  6.670978e-01     6.394733e-01   
  6.677576e-01     6.395970e-01   
  6.684174e-01     6.398180e-01   
  6.690773e-01     6.400779e-01   
  6.697371e-01     6.402464e-01   
  6.703970e-01     6.404905e-01   
  6.710568e-01     6.405998e-01   
  6.717166e-01     6.406247e-01   
  6.723765e-01     6.405802e-01   
  6.730363e-01     6.405042e-01   
  6.736962e-01     6.404681e-01   
  6.743560e-01     6.404296e-01   
  6.750158e-01     6.404152e-01   
  6.756757e-01     6.404110e-01   
  6.763355e-01     6.404152e-01   
  6.769954e-01     6.404296e-01   
  6.776552e-01     6.404681e-01   
  6.783150e-01     6.405042e-01   
  6.789749e-01     6.405802e-01   
  6.796347e-01     6.406247e-01   
  6.802946e-01     6.405998e-01   
  6.809544e-01     6.404905e-01   
  6.816142e-01     6.402464e-01   
  6.822741e-01     6.400779e-01   
  6.829339e-01     6.398180e-01   
  6.835938e-01     6.395970e-01   
  6.842536e-01     6.394733e-01   
  6.849134e-01     6.393328e-01   
  6.855733e-01     6.392215e-01   
  6.862331e-01     6.390563e-01   
  6.868929e-01     6.390023e-01   
  6.875528e-01     6.389521e-01   
  6.882126e-01     6.388406e-01   
  6.888725e-01     6.387562e-01   
  6.895323e-01     6.386289e-01   
  6.901921e-01     6.385015e-01   
  6.908520e-01     6.383443e-01   
  6.915118e-01     6.381651e-01   
  6.921717e-01     6.379648e-01   
  6.928315e-01     6.377191e-01   
  6.934913e-01     6.374737e-01   
  6.941512e-01     6.371612e-01   
  6.948110e-01     6.368299e-01   
  6.954709e-01     6.365284e-01   
  6.961307e-01     6.361243e-01   
  6.967905e-01     6.357523e-01   
  6.974504e-01     6.353641e-01   
  6.981102e-01     6.349377e-01   
  6.987701e-01     6.345239e-01   
  6.994299e-01     6.340797e-01   
  7.000897e-01     6.336637e-01   
  7.007496e-01     6.333293e-01   
  7.014094e-01     6.330570e-01   
  7.020693e-01     6.329304e-01   
  7.027291e-01     6.327616e-01   
  7.033889e-01     6.326261e-01   
  7.040488e-01     6.326138e-01   
  7.047086e-01     6.327208e-01   
  7.053685e-01     6.328180e-01   
  7.060283e-01     6.328667e-01   
  7.066881e-01     6.330382e-01   
  7.073480e-01     6.333436e-01   
  7.080078e-01     6.336576e-01   
  7.086677e-01     6.338763e-01   
  7.093275e-01     6.340425e-01   
  7.099873e-01     6.342561e-01   
  7.106472e-01     6.344346e-01   
  7.113070e-01     6.345064e-01   
  7.119668e-01     6.345496e-01   
  7.126267e-01     6.345036e-01   
  7.132865e-01     6.342596e-01   
  7.139464e-01     6.338795e-01   
  7.146062e-01     6.334410e-01   
  7.152660e-01     6.329222e-01   
  7.159259e-01     6.324633e-01   
  7.165857e-01     6.320112e-01   
  7.172456e-01     6.315457e-01   
  7.179054e-01     6.309680e-01   
  7.185652e-01     6.303090e-01   
  7.192251e-01     6.295325e-01   
  7.198849e-01     6.287503e-01   
  7.205448e-01     6.279938e-01   
  7.212046e-01     6.272585e-01   
  7.218644e-01     6.264850e-01   
  7.225243e-01     6.257213e-01   
  7.231841e-01     6.249470e-01   
  7.238440e-01     6.241116e-01   
  7.245038e-01     6.232465e-01   
  7.251636e-01     6.224179e-01   
  7.258235e-01     6.217216e-01   
  7.264833e-01     6.210328e-01   
  7.271432e-01     6.204592e-01   
  7.278030e-01     6.199365e-01   
  7.284628e-01     6.195453e-01   
  7.291227e-01     6.192730e-01   
  7.297825e-01     6.190538e-01   
  7.304424e-01     6.188278e-01   
  7.311022e-01     6.186044e-01   
  7.317620e-01     6.182814e-01   
  7.324219e-01     6.179108e-01   
  7.330817e-01     6.176391e-01   
  7.337416e-01     6.172837e-01   
  7.344014e-01     6.169215e-01   
  7.350612e-01     6.166518e-01   
  7.357211e-01     6.163887e-01   
  7.363809e-01     6.160104e-01   
  7.370408e-01     6.156187e-01   
  7.377006e-01     6.152352e-01   
  7.383604e-01     6.148406e-01   
  7.390203e-01     6.144525e-01   
  7.396801e-01     6.140673e-01   
  7.403399e-01     6.137310e-01   
  7.409998e-01     6.134335e-01   
  7.416596e-01     6.131060e-01   
  7.423195e-01     6.128028e-01   
  7.429793e-01     6.124379e-01   
  7.436391e-01     6.121980e-01   
  7.442990e-01     6.120488e-01   
  7.449588e-01     6.119559e-01   
  7.456187e-01     6.118576e-01   
  7.462785e-01     6.117090e-01   
  7.469383e-01     6.115237e-01   
  7.475982e-01     6.114383e-01   
  7.482580e-01     6.113688e-01   
  7.489179e-01     6.113707e-01   
  7.495777e-01     6.113904e-01   
  7.502375e-01     6.114406e-01   
  7.508974e-01     6.115642e-01   
  7.515572e-01     6.115530e-01   
  7.522171e-01     6.116137e-01   
  7.528769e-01     6.116052e-01   
  7.535367e-01     6.115508e-01   
  7.541966e-01     6.115193e-01   
  7.548564e-01     6.115199e-01   
  7.555163e-01     6.116019e-01   
  7.561761e-01     6.116623e-01   
  7.568359e-01     6.117416e-01   
  7.574958e-01     6.118834e-01   
  7.581556e-01     6.119386e-01   
  7.588155e-01     6.119306e-01   
  7.594753e-01     6.119861e-01   
  7.601351e-01     6.121885e-01   
  7.607950e-01     6.124313e-01   
  7.614548e-01     6.126450e-01   
  7.621147e-01     6.127281e-01   
  7.627745e-01     6.127382e-01   
  7.634343e-01     6.127297e-01   
  7.640942e-01     6.126108e-01   
  7.647540e-01     6.124728e-01   
  7.654139e-01     6.125084e-01   
  7.660737e-01     6.124969e-01   
  7.667335e-01     6.125211e-01   
  7.673934e-01     6.126262e-01   
  7.680532e-01     6.125777e-01   
  7.687130e-01     6.126315e-01   
  7.693729e-01     6.126657e-01   
  7.700327e-01     6.126622e-01   
  7.706926e-01     6.126143e-01   
  7.713524e-01     6.125641e-01   
  7.720122e-01     6.125749e-01   
  7.726721e-01     6.125947e-01   
  7.733319e-01     6.126344e-01   
  7.739918e-01     6.126744e-01   
  7.746516e-01     6.127767e-01   
  7.753114e-01     6.128202e-01   
  7.759713e-01     6.129040e-01   
  7.766311e-01     6.128883e-01   
  7.772910e-01     6.128642e-01   
  7.779508e-01     6.128685e-01   
  7.786106e-01     6.128621e-01   
  7.792705e-01     6.128920e-01   
  7.799303e-01     6.129659e-01   
  7.805902e-01     6.131431e-01   
  7.812500e-01     6.132279e-01   
  7.819098e-01     6.133067e-01   
  7.825697e-01     6.135890e-01   
  7.832295e-01     6.138978e-01   
  7.838894e-01     6.142105e-01   
  7.845492e-01     6.146117e-01   
  7.852090e-01     6.150350e-01   
  7.858689e-01     6.153629e-01   
  7.865287e-01     6.157009e-01   
  7.871886e-01     6.160856e-01   
  7.878484e-01     6.164149e-01   
  7.885082e-01     6.166764e-01   
  7.891681e-01     6.168881e-01   
  7.898279e-01     6.169982e-01   
  7.904878e-01     6.169378e-01   
  7.911476e-01     6.168084e-01   
  7.918074e-01     6.167263e-01   
  7.924673e-01     6.168118e-01   
  7.931271e-01     6.168578e-01   
  7.937870e-01     6.169132e-01   
  7.944468e-01     6.170201e-01   
  7.951066e-01     6.172151e-01   
  7.957665e-01     6.173970e-01   
  7.964263e-01     6.175491e-01   
  7.970861e-01     6.177380e-01   
  7.977460e-01     6.179337e-01   
  7.984058e-01     6.180583e-01   
  7.990657e-01     6.182090e-01   
  7.997255e-01     6.183271e-01   
  8.003853e-01     6.184354e-01   
  8.010452e-01     6.184368e-01   
  8.017050e-01     6.185313e-01   
  8.023649e-01     6.186331e-01   
  8.030247e-01     6.187321e-01   
  8.036845e-01     6.188199e-01   
  8.043444e-01     6.188680e-01   
  8.050042e-01     6.188940e-01   
  8.056641e-01     6.188911e-01   
  8.063239e-01     6.190016e-01   
  8.069837e-01     6.190639e-01   
  8.076436e-01     6.191533e-01   
  8.083034e-01     6.191612e-01   
  8.089633e-01     6.191703e-01   
  8.096231e-01     6.191165e-01   
  8.102829e-01     6.189720e-01   
  8.109428e-01     6.187766e-01   
  8.116026e-01     6.185548e-01   
  8.122625e-01     6.183189e-01   
  8.129223e-01     6.181224e-01   
  8.135821e-01     6.179532e-01   
  8.142420e-01     6.178717e-01   
  8.149018e-01     6.178351e-01   
  8.155617e-01     6.179737e-01   
  8.162215e-01     6.182663e-01   
  8.168813e-01     6.185798e-01   
  8.175412e-01     6.189129e-01   
  8.182010e-01     6.192963e-01   
  8.188609e-01     6.195871e-01   
  8.195207e-01     6.198991e-01   
  8.201805e-01     6.201706e-01   
  8.208404e-01     6.204118e-01   
  8.215002e-01     6.205868e-01   
  8.221601e-01     6.206538e-01   
  8.228199e-01     6.205918e-01   
  8.234797e-01     6.205182e-01   
  8.241396e-01     6.204937e-01   
  8.247994e-01     6.204506e-01   
  8.254592e-01     6.204871e-01   
  8.261191e-01     6.204279e-01   
  8.267789e-01     6.204231e-01   
  8.274388e-01     6.203177e-01   
  8.280986e-01     6.201758e-01   
  8.287584e-01     6.201051e-01   
  8.294183e-01     6.200626e-01   
  8.300781e-01     6.199657e-01   
  8.307380e-01     6.199174e-01   
  8.313978e-01     6.197912e-01   
  8.320576e-01     6.196471e-01   
  8.327175e-01     6.195799e-01   
  8.333773e-01     6.195490e-01   
  8.340372e-01     6.194952e-01   
  8.346970e-01     6.195358e-01   
  8.353568e-01     6.195391e-01   
  8.360167e-01     6.196296e-01   
  8.366765e-01     6.196955e-01   
  8.373364e-01     6.197076e-01   
  8.379962e-01     6.195989e-01   
  8.386560e-01     6.194811e-01   
  8.393159e-01     6.192349e-01   
  8.399757e-01     6.189856e-01   
  8.406356e-01     6.188687e-01   
  8.412954e-01     6.189103e-01   
  8.419552e-01     6.189139e-01   
  8.426151e-01     6.189714e-01   
  8.432749e-01     6.190476e-01   
  8.439348e-01     6.190983e-01   
  8.445946e-01     6.191536e-01   
  8.452544e-01     6.193168e-01   
  8.459143e-01     6.196004e-01   
  8.465741e-01     6.199199e-01   
  8.472340e-01     6.203048e-01   
  8.478938e-01     6.206270e-01   
  8.485536e-01     6.209495e-01   
  8.492135e-01     6.211887e-01   
  8.498733e-01     6.213260e-01   
  8.505332e-01     6.214050e-01   
  8.511930e-01     6.215507e-01   
  8.518528e-01     6.216727e-01   
  8.525127e-01     6.216915e-01   
  8.531725e-01     6.216376e-01   
  8.538323e-01     6.215505e-01   
  8.544922e-01     6.214966e-01   
  8.551520e-01     6.214223e-01   
  8.558119e-01     6.213671e-01   
  8.564717e-01     6.214087e-01   
  8.571315e-01     6.214658e-01   
  8.577914e-01     6.214977e-01   
  8.584512e-01     6.214688e-01   
  8.591111e-01     6.213901e-01   
  8.597709e-01     6.211877e-01   
  8.604307e-01     6.210299e-01   
  8.610906e-01     6.208057e-01   
  8.617504e-01     6.205251e-01   
  8.624103e-01     6.203156e-01   
  8.630701e-01     6.200798e-01   
  8.637299e-01     6.198198e-01   
  8.643898e-01     6.195492e-01   
  8.650496e-01     6.191922e-01   
  8.657095e-01     6.188940e-01   
  8.663693e-01     6.185695e-01   
  8.670291e-01     6.182420e-01   
  8.676890e-01     6.180183e-01   
  8.683488e-01     6.178632e-01   
  8.690087e-01     6.178156e-01   
  8.696685e-01     6.178214e-01   
  8.703283e-01     6.179662e-01   
  8.709882e-01     6.181026e-01   
  8.716480e-01     6.183577e-01   
  8.723079e-01     6.186067e-01   
  8.729677e-01     6.188863e-01   
  8.736275e-01     6.191323e-01   
  8.742874e-01     6.194324e-01   
  8.749472e-01     6.196502e-01   
  8.756071e-01     6.198815e-01   
  8.762669e-01     6.201335e-01   
  8.769267e-01     6.204553e-01   
  8.775866e-01     6.207890e-01   
  8.782464e-01     6.210586e-01   
  8.789062e-01     6.213765e-01   
  8.795661e-01     6.216718e-01   
  8.802259e-01     6.219777e-01   
  8.808858e-01     6.223288e-01   
  8.815456e-01     6.226199e-01   
  8.822054e-01     6.228467e-01   
  8.828653e-01     6.229748e-01   
  8.835251e-01     6.229174e-01   
  8.841850e-01     6.228525e-01   
  8.848448e-01     6.226560e-01   
  8.855046e-01     6.223913e-01   
  8.861645e-01     6.221637e-01   
  8.868243e-01     6.219731e-01   
  8.874842e-01     6.218079e-01   
  8.881440e-01     6.217275e-01   
  8.888038e-01     6.217849e-01   
  8.894637e-01     6.219595e-01   
  8.901235e-01     6.222148e-01   
  8.907834e-01     6.225554e-01   
  8.914432e-01     6.228996e-01   
  8.921030e-01     6.233756e-01   
  8.927629e-01     6.238275e-01   
  8.934227e-01     6.242669e-01   
  8.940826e-01     6.246878e-01   
  8.947424e-01     6.251346e-01   
  8.954022e-01     6.256176e-01   
  8.960621e-01     6.261077e-01   
  8.967219e-01     6.265938e-01   
  8.973818e-01     6.271058e-01   
  8.980416e-01     6.274921e-01   
  8.987014e-01     6.277794e-01   
  8.993613e-01     6.281005e-01   
  9.000211e-01     6.282933e-01   
  9.006810e-01     6.285211e-01   
  9.013408e-01     6.286658e-01   
  9.020006e-01     6.288358e-01   
  9.026605e-01     6.290245e-01   
  9.033203e-01     6.292163e-01   
  9.039802e-01     6.292463e-01   
  9.046400e-01     6.291008e-01   
  9.052998e-01     6.288531e-01   
  9.059597e-01     6.284853e-01   
  9.066195e-01     6.281369e-01   
  9.072793e-01     6.278397e-01   
  9.079392e-01     6.276945e-01   
  9.085990e-01     6.276696e-01   
  9.092589e-01     6.277145e-01   
  9.099187e-01     6.278252e-01   
  9.105785e-01     6.279019e-01   
  9.112384e-01     6.281051e-01   
  9.118982e-01     6.282565e-01   
  9.125581e-01     6.285384e-01   
  9.132179e-01     6.287998e-01   
  9.138777e-01     6.289837e-01   
  9.145376e-01     6.291655e-01   
  9.151974e-01     6.294459e-01   
  9.158573e-01     6.297413e-01   
  9.165171e-01     6.299358e-01   
  9.171769e-01     6.302312e-01   
  9.178368e-01     6.304514e-01   
  9.184966e-01     6.307856e-01   
  9.191565e-01     6.312044e-01   
  9.198163e-01     6.316109e-01   
  9.204761e-01     6.318866e-01   
  9.211360e-01     6.321462e-01   
  9.217958e-01     6.323725e-01   
  9.224557e-01     6.325728e-01   
  9.231155e-01     6.328306e-01   
  9.237753e-01     6.329884e-01   
  9.244352e-01     6.332331e-01   
  9.250950e-01     6.335836e-01   
  9.257549e-01     6.338654e-01   
  9.264147e-01     6.342151e-01   
  9.270745e-01     6.345698e-01   
  9.277344e-01     6.350264e-01   
  9.283942e-01     6.355042e-01   
  9.290541e-01     6.360355e-01   
  9.297139e-01     6.366342e-01   
  9.303737e-01     6.371508e-01   
  9.310336e-01     6.375044e-01   
  9.316934e-01     6.378830e-01   
  9.323533e-01     6.383799e-01   
  9.330131e-01     6.388063e-01   
  9.336729e-01     6.392210e-01   
  9.343328e-01     6.395611e-01   
  9.349926e-01     6.399472e-01   
  9.356524e-01     6.404309e-01   
  9.363123e-01     6.409471e-01   
  9.369721e-01     6.414607e-01   
  9.376320e-01     6.419452e-01   
  9.382918e-01     6.423925e-01   
  9.389516e-01     6.427855e-01   
  9.396115e-01     6.433758e-01   
  9.402713e-01     6.440318e-01   
  9.409312e-01     6.446421e-01   
  9.415910e-01     6.452910e-01   
  9.422508e-01     6.460154e-01   
  9.429107e-01     6.467500e-01   
  9.435705e-01     6.473894e-01   
  9.442304e-01     6.480571e-01   
  9.448902e-01     6.487307e-01   
  9.455500e-01     6.493644e-01   
  9.462099e-01     6.499247e-01   
  9.468697e-01     6.504951e-01   
  9.475296e-01     6.510099e-01   
  9.481894e-01     6.514679e-01   
  9.488492e-01     6.517703e-01   
  9.495091e-01     6.520516e-01   
  9.501689e-01     6.523013e-01   
  9.508288e-01     6.524707e-01   
  9.514886e-01     6.526118e-01   
  9.521484e-01     6.527824e-01   
  9.528083e-01     6.529288e-01   
  9.534681e-01     6.531425e-01   
  9.541280e-01     6.533886e-01   
  9.547878e-01     6.536948e-01   
  9.554476e-01     6.540861e-01   
  9.561075e-01     6.543795e-01   
  9.567673e-01     6.546004e-01   
  9.574272e-01     6.548808e-01   
  9.580870e-01     6.551797e-01   
  9.587468e-01     6.555409e-01   
  9.594067e-01     6.558787e-01   
  9.600665e-01     6.560616e-01   
  9.607264e-01     6.562354e-01   
  9.613862e-01     6.564444e-01   
  9.620460e-01     6.566326e-01   
  9.627059e-01     6.567483e-01   
  9.633657e-01     6.567824e-01   
  9.640255e-01     6.568069e-01   
  9.646854e-01     6.566972e-01   
  9.653452e-01     6.564702e-01   
  9.660051e-01     6.562350e-01   
  9.666649e-01     6.559070e-01   
  9.673247e-01     6.555604e-01   
  9.679846e-01     6.551278e-01   
  9.686444e-01     6.546835e-01   
  9.693043e-01     6.542777e-01   
  9.699641e-01     6.539297e-01   
  9.706239e-01     6.536390e-01   
  9.712838e-01     6.534223e-01   
  9.719436e-01     6.531669e-01   
  9.726035e-01     6.529694e-01   
  9.732633e-01     6.527269e-01   
  9.739231e-01     6.524615e-01   
  9.745830e-01     6.521875e-01   
  9.752428e-01     6.518902e-01   
  9.759027e-01     6.515533e-01   
  9.765625e-01     6.510632e-01   
  9.772223e-01     6.505660e-01   
  9.778822e-01     6.499997e-01   
  9.785420e-01     6.494283e-01   
  9.792019e-01     6.489395e-01   
  9.798617e-01     6.485637e-01   
  9.805215e-01     6.481294e-01   
  9.811814e-01     6.476561e-01   
  9.818412e-01     6.471092e-01   
  9.825011e-01     6.464952e-01   
  9.831609e-01     6.458523e-01   
  9.838207e-01     6.453082e-01   
  9.844806e-01     6.447169e-01   
  9.851404e-01     6.441456e-01   
  9.858003e-01     6.436783e-01   
  9.864601e-01     6.433125e-01   
  9.871199e-01     6.430637e-01   
  9.877798e-01     6.429222e-01   
  9.884396e-01     6.429251e-01   
  9.890995e-01     6.431175e-01   
  9.897593e-01     6.433154e-01   
  9.904191e-01     6.435996e-01   
  9.910790e-01     6.438972e-01   
  9.917388e-01     6.440925e-01   
  9.923986e-01     6.441551e-01   
  9.930585e-01     6.441162e-01   
  9.937183e-01     6.440549e-01   
  9.943782e-01     6.439455e-01   
  9.950380e-01     6.437356e-01   
  9.956978e-01     6.434929e-01   
  9.963577e-01     6.433118e-01   
  9.970175e-01     6.431517e-01   
  9.976774e-01     6.430104e-01   
  9.983372e-01     6.427857e-01   
  9.989970e-01     6.425402e-01   
  9.996569e-01     6.423436e-01   
  1.000317e+00     6.421588e-01   
  1.000977e+00     6.420158e-01   
  1.001636e+00     6.418572e-01   
  1.002296e+00     6.416943e-01   
  1.002956e+00     6.414991e-01   
  1.003616e+00     6.412885e-01   
  1.004276e+00     6.410676e-01   
  1.004936e+00     6.408636e-01   
  1.005595e+00     6.407478e-01   
  1.006255e+00     6.407342e-01   
  1.006915e+00     6.408359e-01   
  1.007575e+00     6.410707e-01   
  1.008235e+00     6.412885e-01   
  1.008895e+00     6.415847e-01   
  1.009554e+00     6.419984e-01   
  1.010214e+00     6.424512e-01   
  1.010874e+00     6.430638e-01   
  1.011534e+00     6.436523e-01   
  1.012194e+00     6.441924e-01   
  1.012854e+00     6.446914e-01   
  1.013514e+00     6.450778e-01   
  1.014173e+00     6.454117e-01   
  1.014833e+00     6.456581e-01   
  1.015493e+00     6.458179e-01   
  1.016153e+00     6.458619e-01   
  1.016813e+00     6.459894e-01   
  1.017473e+00     6.459968e-01   
  1.018132e+00     6.461379e-01   
  1.018792e+00     6.463272e-01   
  1.019452e+00     6.465830e-01   
  1.020112e+00     6.469427e-01   
  1.020772e+00     6.472495e-01   
  1.021432e+00     6.474173e-01   
  1.022091e+00     6.474745e-01   
  1.022751e+00     6.474573e-01   
  1.023411e+00     6.473881e-01   
  1.024071e+00     6.471252e-01   
  1.024731e+00     6.468343e-01   
  1.025391e+00     6.465976e-01   
  1.026050e+00     6.462545e-01   
  1.026710e+00     6.458766e-01   
  1.027370e+00     6.454590e-01   
  1.028030e+00     6.450030e-01   
  1.028690e+00     6.445015e-01   
  1.029350e+00     6.440196e-01   
  1.030010e+00     6.436044e-01   
  1.030669e+00     6.431395e-01   
  1.031329e+00     6.427042e-01   
  1.031989e+00     6.423079e-01   
  1.032649e+00     6.418012e-01   
  1.033309e+00     6.413159e-01   
  1.033969e+00     6.409303e-01   
  1.034628e+00     6.405568e-01   
  1.035288e+00     6.402028e-01   
  1.035948e+00     6.398551e-01   
  1.036608e+00     6.394509e-01   
  1.037268e+00     6.390124e-01   
  1.037928e+00     6.386079e-01   
  1.038587e+00     6.382395e-01   
  1.039247e+00     6.378924e-01   
  1.039907e+00     6.375289e-01   
  1.040567e+00     6.371733e-01   
  1.041227e+00     6.368154e-01   
  1.041887e+00     6.364761e-01   
  1.042546e+00     6.361959e-01   
  1.043206e+00     6.359259e-01   
  1.043866e+00     6.355785e-01   
  1.044526e+00     6.352398e-01   
  1.045186e+00     6.350062e-01   
  1.045846e+00     6.348003e-01   
  1.046505e+00     6.345254e-01   
  1.047165e+00     6.342080e-01   
  1.047825e+00     6.337838e-01   
  1.048485e+00     6.333495e-01   
  1.049145e+00     6.327567e-01   
  1.049805e+00     6.321736e-01   
  1.050465e+00     6.315169e-01   
  1.051124e+00     6.309282e-01   
  1.051784e+00     6.304602e-01   
  1.052444e+00     6.299337e-01   
  1.053104e+00     6.294838e-01   
  1.053764e+00     6.290703e-01   
  1.054424e+00     6.285944e-01   
  1.055083e+00     6.281041e-01   
  1.055743e+00     6.275991e-01   
  1.056403e+00     6.270943e-01   
  1.057063e+00     6.266311e-01   
  1.057723e+00     6.262228e-01   
  1.058383e+00     6.257000e-01   
  1.059042e+00     6.251697e-01   
  1.059702e+00     6.246069e-01   
  1.060362e+00     6.241204e-01   
  1.061022e+00     6.236419e-01   
  1.061682e+00     6.232163e-01   
  1.062342e+00     6.227630e-01   
  1.063001e+00     6.223959e-01   
  1.063661e+00     6.219828e-01   
  1.064321e+00     6.215418e-01   
  1.064981e+00     6.210685e-01   
  1.065641e+00     6.205486e-01   
  1.066301e+00     6.199916e-01   
  1.066961e+00     6.194103e-01   
  1.067620e+00     6.187564e-01   
  1.068280e+00     6.180712e-01   
  1.068940e+00     6.174318e-01   
  1.069600e+00     6.168748e-01   
  1.070260e+00     6.163008e-01   
  1.070920e+00     6.156129e-01   
  1.071579e+00     6.149391e-01   
  1.072239e+00     6.143228e-01   
  1.072899e+00     6.137042e-01   
  1.073559e+00     6.130526e-01   
  1.074219e+00     6.124548e-01   
  1.074879e+00     6.119497e-01   
  1.075538e+00     6.114460e-01   
  1.076198e+00     6.110093e-01   
  1.076858e+00     6.105947e-01   
  1.077518e+00     6.102564e-01   
  1.078178e+00     6.099053e-01   
  1.078838e+00     6.096164e-01   
  1.079497e+00     6.092126e-01   
  1.080157e+00     6.086527e-01   
  1.080817e+00     6.082141e-01   
  1.081477e+00     6.078180e-01   
  1.082137e+00     6.074760e-01   
  1.082797e+00     6.071655e-01   
  1.083457e+00     6.068947e-01   
  1.084116e+00     6.066555e-01   
  1.084776e+00     6.064384e-01   
  1.085436e+00     6.060502e-01   
  1.086096e+00     6.057330e-01   
  1.086756e+00     6.053550e-01   
  1.087416e+00     6.049610e-01   
  1.088075e+00     6.044455e-01   
  1.088735e+00     6.038932e-01   
  1.089395e+00     6.033097e-01   
  1.090055e+00     6.029518e-01   
  1.090715e+00     6.026436e-01   
  1.091375e+00     6.023466e-01   
  1.092034e+00     6.021397e-01   
  1.092694e+00     6.019060e-01   
  1.093354e+00     6.015412e-01   
  1.094014e+00     6.011393e-01   
  1.094674e+00     6.007023e-01   
  1.095334e+00     6.001882e-01   
  1.095993e+00     5.996882e-01   
  1.096653e+00     5.993041e-01   
  1.097313e+00     5.989103e-01   
  1.097973e+00     5.985259e-01   
  1.098633e+00     5.981082e-01   
  1.099293e+00     5.976374e-01   
  1.099952e+00     5.970654e-01   
  1.100612e+00     5.965366e-01   
  1.101272e+00     5.960617e-01   
  1.101932e+00     5.956641e-01   
  1.102592e+00     5.952754e-01   
  1.103252e+00     5.948843e-01   
  1.103912e+00     5.944607e-01   
  1.104571e+00     5.940673e-01   
  1.105231e+00     5.937573e-01   
  1.105891e+00     5.934378e-01   
  1.106551e+00     5.930200e-01   
  1.107211e+00     5.925485e-01   
  1.107871e+00     5.920504e-01   
  1.108530e+00     5.917018e-01   
  1.109190e+00     5.913676e-01   
  1.109850e+00     5.911128e-01   
  1.110510e+00     5.910346e-01   
  1.111170e+00     5.911090e-01   
  1.111830e+00     5.912793e-01   
  1.112489e+00     5.913939e-01   
  1.113149e+00     5.915054e-01   
  1.113809e+00     5.915758e-01   
  1.114469e+00     5.916707e-01   
  1.115129e+00     5.918054e-01   
  1.115789e+00     5.919945e-01   
  1.116448e+00     5.921564e-01   
  1.117108e+00     5.922766e-01   
  1.117768e+00     5.924707e-01   
  1.118428e+00     5.925325e-01   
  1.119088e+00     5.926781e-01   
  1.119748e+00     5.928672e-01   
  1.120408e+00     5.929256e-01   
  1.121067e+00     5.929856e-01   
  1.121727e+00     5.930989e-01   
  1.122387e+00     5.931767e-01   
  1.123047e+00     5.931410e-01   
  1.123707e+00     5.931031e-01   
  1.124367e+00     5.929601e-01   
  1.125026e+00     5.927464e-01   
  1.125686e+00     5.925531e-01   
  1.126346e+00     5.923779e-01   
  1.127006e+00     5.921848e-01   
  1.127666e+00     5.920791e-01   
  1.128326e+00     5.919312e-01   
  1.128985e+00     5.918159e-01   
  1.129645e+00     5.915864e-01   
  1.130305e+00     5.913553e-01   
  1.130965e+00     5.911185e-01   
  1.131625e+00     5.908667e-01   
  1.132285e+00     5.907788e-01   
  1.132944e+00     5.907269e-01   
  1.133604e+00     5.907225e-01   
  1.134264e+00     5.907588e-01   
  1.134924e+00     5.906828e-01   
  1.135584e+00     5.904813e-01   
  1.136244e+00     5.903150e-01   
  1.136904e+00     5.900799e-01   
  1.137563e+00     5.898955e-01   
  1.138223e+00     5.897681e-01   
  1.138883e+00     5.896338e-01   
  1.139543e+00     5.895740e-01   
  1.140203e+00     5.894552e-01   
  1.140863e+00     5.892805e-01   
  1.141522e+00     5.891325e-01   
  1.142182e+00     5.890201e-01   
  1.142842e+00     5.889083e-01   
  1.143502e+00     5.888110e-01   
  1.144162e+00     5.887350e-01   
  1.144822e+00     5.885745e-01   
  1.145481e+00     5.884731e-01   
  1.146141e+00     5.883183e-01   
  1.146801e+00     5.881715e-01   
  1.147461e+00     5.881329e-01   
  1.148121e+00     5.881741e-01   
  1.148781e+00     5.881834e-01   
  1.149440e+00     5.882816e-01   
  1.150100e+00     5.884581e-01   
  1.150760e+00     5.886164e-01   
  1.151420e+00     5.887788e-01   
  1.152080e+00     5.888572e-01   
  1.152740e+00     5.889655e-01   
  1.153399e+00     5.891776e-01   
  1.154059e+00     5.894158e-01   
  1.154719e+00     5.896526e-01   
  1.155379e+00     5.898337e-01   
  1.156039e+00     5.900651e-01   
  1.156699e+00     5.903009e-01   
  1.157359e+00     5.904878e-01   
  1.158018e+00     5.907014e-01   
  1.158678e+00     5.909645e-01   
  1.159338e+00     5.911489e-01   
  1.159998e+00     5.912461e-01   
  1.160658e+00     5.912779e-01   
  1.161318e+00     5.913573e-01   
  1.161977e+00     5.913863e-01   
  1.162637e+00     5.913488e-01   
  1.163297e+00     5.912499e-01   
  1.163957e+00     5.910676e-01   
  1.164617e+00     5.909241e-01   
  1.165277e+00     5.907494e-01   
  1.165936e+00     5.905416e-01   
  1.166596e+00     5.903597e-01   
  1.167256e+00     5.901599e-01   
  1.167916e+00     5.900275e-01   
  1.168576e+00     5.899352e-01   
  1.169236e+00     5.898505e-01   
  1.169895e+00     5.897539e-01   
  1.170555e+00     5.896405e-01   
  1.171215e+00     5.895283e-01   
  1.171875e+00     5.894392e-01   
  1.172535e+00     5.894018e-01   
  1.173195e+00     5.893813e-01   
  1.173855e+00     5.894578e-01   
  1.174514e+00     5.895207e-01   
  1.175174e+00     5.895060e-01   
  1.175834e+00     5.894506e-01   
  1.176494e+00     5.893956e-01   
  1.177154e+00     5.894389e-01   
  1.177814e+00     5.894860e-01   
  1.178473e+00     5.896460e-01   
  1.179133e+00     5.897915e-01   
  1.179793e+00     5.898272e-01   
  1.180453e+00     5.898785e-01   
  1.181113e+00     5.898262e-01   
  1.181773e+00     5.898389e-01   
  1.182432e+00     5.899193e-01   
  1.183092e+00     5.900188e-01   
  1.183752e+00     5.900733e-01   
  1.184412e+00     5.901870e-01   
  1.185072e+00     5.902263e-01   
  1.185732e+00     5.902207e-01   
  1.186391e+00     5.903104e-01   
  1.187051e+00     5.905726e-01   
  1.187711e+00     5.907858e-01   
  1.188371e+00     5.910601e-01   
  1.189031e+00     5.913768e-01   
  1.189691e+00     5.916396e-01   
  1.190351e+00     5.917606e-01   
  1.191010e+00     5.918040e-01   
  1.191670e+00     5.919407e-01   
  1.192330e+00     5.919462e-01   
  1.192990e+00     5.919845e-01   
  1.193650e+00     5.919982e-01   
  1.194310e+00     5.919526e-01   
  1.194969e+00     5.918832e-01   
  1.195629e+00     5.919658e-01   
  1.196289e+00     5.920538e-01   
  1.196949e+00     5.922523e-01   
  1.197609e+00     5.924552e-01   
  1.198269e+00     5.927550e-01   
  1.198928e+00     5.931036e-01   
  1.199588e+00     5.934400e-01   
  1.200248e+00     5.938423e-01   
  1.200908e+00     5.942433e-01   
  1.201568e+00     5.946191e-01   
  1.202228e+00     5.948954e-01   
  1.202887e+00     5.952040e-01   
  1.203547e+00     5.953693e-01   
  1.204207e+00     5.954597e-01   
  1.204867e+00     5.955874e-01   
  1.205527e+00     5.957083e-01   
  1.206187e+00     5.958892e-01   
  1.206846e+00     5.960927e-01   
  1.207506e+00     5.963095e-01   
  1.208166e+00     5.965817e-01   
  1.208826e+00     5.970118e-01   
  1.209486e+00     5.975082e-01   
  1.210146e+00     5.980143e-01   
  1.210806e+00     5.985450e-01   
  1.211465e+00     5.991080e-01   
  1.212125e+00     5.997087e-01   
  1.212785e+00     6.001476e-01   
  1.213445e+00     6.005959e-01   
  1.214105e+00     6.010903e-01   
  1.214765e+00     6.016394e-01   
  1.215424e+00     6.022428e-01   
  1.216084e+00     6.029007e-01   
  1.216744e+00     6.035702e-01   
  1.217404e+00     6.042808e-01   
  1.218064e+00     6.049192e-01   
  1.218724e+00     6.055309e-01   
  1.219383e+00     6.060707e-01   
  1.220043e+00     6.065305e-01   
  1.220703e+00     6.070139e-01   
  1.221363e+00     6.074436e-01   
  1.222023e+00     6.078033e-01   
  1.222683e+00     6.082214e-01   
  1.223342e+00     6.086600e-01   
  1.224002e+00     6.091899e-01   
  1.224662e+00     6.095659e-01   
  1.225322e+00     6.099765e-01   
  1.225982e+00     6.104501e-01   
  1.226642e+00     6.109815e-01   
  1.227302e+00     6.114306e-01   
  1.227961e+00     6.118254e-01   
  1.228621e+00     6.121946e-01   
  1.229281e+00     6.125345e-01   
  1.229941e+00     6.128119e-01   
  1.230601e+00     6.130265e-01   
  1.231261e+00     6.132785e-01   
  1.231920e+00     6.135515e-01   
  1.232580e+00     6.138241e-01   
  1.233240e+00     6.140172e-01   
  1.233900e+00     6.141820e-01   
  1.234560e+00     6.143794e-01   
  1.235220e+00     6.146036e-01   
  1.235879e+00     6.147506e-01   
  1.236539e+00     6.150487e-01   
  1.237199e+00     6.154030e-01   
  1.237859e+00     6.157698e-01   
  1.238519e+00     6.161893e-01   
  1.239179e+00     6.166240e-01   
  1.239838e+00     6.170448e-01   
  1.240498e+00     6.174181e-01   
  1.241158e+00     6.177010e-01   
  1.241818e+00     6.179480e-01   
  1.242478e+00     6.182240e-01   
  1.243138e+00     6.185423e-01   
  1.243798e+00     6.188594e-01   
  1.244457e+00     6.192535e-01   
  1.245117e+00     6.197447e-01   
  1.245777e+00     6.202478e-01   
  1.246437e+00     6.207504e-01   
  1.247097e+00     6.213322e-01   
  1.247757e+00     6.218206e-01   
  1.248416e+00     6.224260e-01   
  1.249076e+00     6.230549e-01   
  1.249736e+00     6.236931e-01   
  1.250396e+00     6.243231e-01   
  1.251056e+00     6.249676e-01   
  1.251716e+00     6.255337e-01   
  1.252375e+00     6.260137e-01   
  1.253035e+00     6.264015e-01   
  1.253695e+00     6.268389e-01   
  1.254355e+00     6.273604e-01   
  1.255015e+00     6.278112e-01   
  1.255675e+00     6.283668e-01   
  1.256334e+00     6.289362e-01   
  1.256994e+00     6.294709e-01   
  1.257654e+00     6.301056e-01   
  1.258314e+00     6.307173e-01   
  1.258974e+00     6.314293e-01   
  1.259634e+00     6.321338e-01   
  1.260293e+00     6.327504e-01   
  1.260953e+00     6.333140e-01   
  1.261613e+00     6.338841e-01   
  1.262273e+00     6.344074e-01   
  1.262933e+00     6.349252e-01   
  1.263593e+00     6.355190e-01   
  1.264253e+00     6.361263e-01   
  1.264912e+00     6.369024e-01   
  1.265572e+00     6.378369e-01   
  1.266232e+00     6.387250e-01   
  1.266892e+00     6.396375e-01   
  1.267552e+00     6.405398e-01   
  1.268212e+00     6.414450e-01   
  1.268871e+00     6.424837e-01   
  1.269531e+00     6.435600e-01   
  1.270191e+00     6.445504e-01   
  1.270851e+00     6.454377e-01   
  1.271511e+00     6.462486e-01   
  1.272171e+00     6.470300e-01   
  1.272830e+00     6.478221e-01   
  1.273490e+00     6.486065e-01   
  1.274150e+00     6.493735e-01   
  1.274810e+00     6.501350e-01   
  1.275470e+00     6.508712e-01   
  1.276130e+00     6.515835e-01   
  1.276789e+00     6.521418e-01   
  1.277449e+00     6.526946e-01   
  1.278109e+00     6.531965e-01   
  1.278769e+00     6.535846e-01   
  1.279429e+00     6.538861e-01   
  1.280089e+00     6.541750e-01   
  1.280749e+00     6.544560e-01   
  1.281408e+00     6.547461e-01   
  1.282068e+00     6.550942e-01   
  1.282728e+00     6.555123e-01   
  1.283388e+00     6.559691e-01   
  1.284048e+00     6.565341e-01   
  1.284708e+00     6.570630e-01   
  1.285367e+00     6.575999e-01   
  1.286027e+00     6.582671e-01   
  1.286687e+00     6.589566e-01   
  1.287347e+00     6.597074e-01   
  1.288007e+00     6.604044e-01   
  1.288667e+00     6.611256e-01   
  1.289326e+00     6.618729e-01   
  1.289986e+00     6.625794e-01   
  1.290646e+00     6.633175e-01   
  1.291306e+00     6.640578e-01   
  1.291966e+00     6.647987e-01   
  1.292626e+00     6.654129e-01   
  1.293285e+00     6.659012e-01   
  1.293945e+00     6.664606e-01   
  1.294605e+00     6.670232e-01   
  1.295265e+00     6.675592e-01   
  1.295925e+00     6.681493e-01   
  1.296585e+00     6.687821e-01   
  1.297245e+00     6.695227e-01   
  1.297904e+00     6.702302e-01   
  1.298564e+00     6.709485e-01   
  1.299224e+00     6.715931e-01   
  1.299884e+00     6.721913e-01   
  1.300544e+00     6.727486e-01   
  1.301204e+00     6.732713e-01   
  1.301863e+00     6.736873e-01   
  1.302523e+00     6.740786e-01   
  1.303183e+00     6.745309e-01   
  1.303843e+00     6.750465e-01   
  1.304503e+00     6.756672e-01   
  1.305163e+00     6.763735e-01   
  1.305822e+00     6.771050e-01   
  1.306482e+00     6.780042e-01   
  1.307142e+00     6.788821e-01   
  1.307802e+00     6.797051e-01   
  1.308462e+00     6.806045e-01   
  1.309122e+00     6.815560e-01   
  1.309781e+00     6.824893e-01   
  1.310441e+00     6.834776e-01   
  1.311101e+00     6.843901e-01   
  1.311761e+00     6.853821e-01   
  1.312421e+00     6.864457e-01   
  1.313081e+00     6.876607e-01   
  1.313740e+00     6.888442e-01   
  1.314400e+00     6.900788e-01   
  1.315060e+00     6.912880e-01   
  1.315720e+00     6.926134e-01   
  1.316380e+00     6.940889e-01   
  1.317040e+00     6.956267e-01   
  1.317700e+00     6.971331e-01   
  1.318359e+00     6.986795e-01   
  1.319019e+00     7.001329e-01   
  1.319679e+00     7.015455e-01   
  1.320339e+00     7.030887e-01   
  1.320999e+00     7.046672e-01   
  1.321659e+00     7.061171e-01   
  1.322318e+00     7.074671e-01   
  1.322978e+00     7.088643e-01   
  1.323638e+00     7.102326e-01   
  1.324298e+00     7.117602e-01   
  1.324958e+00     7.132071e-01   
  1.325618e+00     7.148289e-01   
  1.326277e+00     7.165195e-01   
  1.326937e+00     7.182531e-01   
  1.327597e+00     7.202188e-01   
  1.328257e+00     7.223642e-01   
  1.328917e+00     7.246385e-01   
  1.329577e+00     7.267887e-01   
  1.330236e+00     7.289503e-01   
  1.330896e+00     7.311076e-01   
  1.331556e+00     7.333293e-01   
  1.332216e+00     7.356324e-01   
  1.332876e+00     7.380524e-01   
  1.333536e+00     7.406146e-01   
  1.334196e+00     7.432087e-01   
  1.334855e+00     7.458914e-01   
  1.335515e+00     7.486656e-01   
  1.336175e+00     7.516280e-01   
  1.336835e+00     7.547370e-01   
  1.337495e+00     7.582198e-01   
  1.338155e+00     7.619195e-01   
  1.338814e+00     7.657897e-01   
  1.339474e+00     7.699307e-01   
  1.340134e+00     7.745567e-01   
  1.340794e+00     7.795002e-01   
  1.341454e+00     7.848642e-01   
  1.342114e+00     7.905484e-01   
  1.342773e+00     7.968129e-01   
  1.343433e+00     8.037029e-01   
  1.344093e+00     8.113236e-01   
  1.344753e+00     8.197903e-01   
  1.345413e+00     8.291829e-01   
  1.346073e+00     8.396580e-01   
  1.346732e+00     8.514287e-01   
  1.347392e+00     8.646621e-01   
  1.348052e+00     8.797068e-01   
  1.348712e+00     8.969614e-01   
  1.349372e+00     9.170540e-01   
  1.350032e+00     9.404283e-01   
  1.350692e+00     9.677247e-01   
  1.351351e+00     1.000000e+00   
